1501
3022
368
19094
20
8394
1320
1032
63276
164107
1326
288238
15662
555
1322
49755
1508
13351
68814
1435
443534
11219
1381
112085
13260
1500
610187
157860
5166
35603
25667
192291
2982
1363
8395
42676
60953
349763
1357
354245
4980
605339
3129
668055
44190
8735
5191
3371
51082
3387
22881
2443
89474
1323
5364
42111
588814
1360
9032
373
4982
185363
793121
4083
520007
2978
198286
13086
197929
2925
106773
17189
18718
164109
734953
115476
17332
199209
28179
56903
222749
8676
10515
2924
38835
164074
24239
131090
1268
127519
1119
21757
2356
12285
16441
271917
12443
38420
4129
500519
22421
8682
246033
5859
174236
129549
58632
321205
3177
160508
36002
1355
136
28646
221277
127169
48029
161199
820162
160589
642667
293286
185364
18479
168886
132923
178226
335988
1327
317310
506793
638
121935
17673
1383
260455
21604
411304
260566
416174
2904
5367
25725
8251
14480
125064
13883
1358
231284
556
1890
805916
626191
1047
1277
1590
16061
8175
1582
3658
38393
1024
401491
57519
4652
10468
124436
2823
337578
8250
30981
459
15047
3636
460547
9732
290384
1359
453
9048
22539
38916
15389
47401
11807
263327
32499
7042
293881
4230
663744
2915
5833
133
365108
516664
2808
3015
2716
2757
3390
256954
166095
7238
920553
1588
819926
153133
467610
3312
314061
49871
1506
335986
28130
435103
1828
1952
588674
382
18841
113086
100067
696221
482572
37948
8623
1318
11593
3019
89726
1516
232031
557307
250379
182889
168180
251400
1573
114805
525760
19060
87021
614867
1797
11073
8246
42733
280522
2980
438639
113082
9376
324306
8678
147813
9784
2905
284993
24039
79675
1416
86800
78616
115016
372
685575
387848
8149
45526
152247
476100
363931
9553
45753
8478
1834
1437
7234
11502
248865
1354
168456
104783
4084
187408
17678
90017
69187
183014
140751
135628
38255
296597
376689
552
68872
869388
298528
129113
49751
1513
7319
7033
145803
256450
141649
23087
230406
91592
108829
8215
57096
3021
333833
184133
13339
4715
2879
9035
96567
143259
170110
846213
219729
279848
603850
164273
82
578841
131087
886353
251205
276642
164262
399069
130561
123
68091
1275
687774
65736
278267
17832
257182
306287
18355
13981
101264
373776
66265
14435
374132
604228
251219
125735
3388
86961
340399
752940
41593
725359
17602
15981
391129
1598
21064
1319
848354
1057
483357
392049
2913
47759
348255
166297
807725
340035
301147
259741
137139
7922
265022
2734
571496
7801
96016
550
518922
494418
28549
29183
249416
773406
436989
125736
4698
4269
429733
3244
16459
696145
5244
490444
534385
445
68155
750840
215140
11376
324951
696211
594927
3024
249746
248858
4478
251481
1226
1556
316298
129108
19913
306251
363570
483406
125753
8241
2607
63067
129109
345109
691882
8290
123584
9194
47354
4318
9538
344094
891732
440233
377317
1137
106
8142
25896
396029
2738
6387
12754
462289
203241
107812
141071
480295
78112
65861
48019
130889
290577
13724
151522
62525
8877
389724
474393
286909
141339
98874
21818
121110
229552
6153
16580
520602
236582
158222
315198
82126
444905
114974
11378
35526
5701
11877
2432
525
45245
642538
121112
18083
12518
3155
15785
38169
14484
762777
59045
203445
362821
495793
182628
76713
1367
2442
805591
445823
51459
15565
199952
1399
8739
1366
690154
495666
217889
141149
164101
231975
1510
7031
14205
749433
101090
540081
2920
748682
559
8093
28153
495819
166391
210407
616868
331459
5365
10696
471347
3386
366767
666063
862336
18328
72052
186868
9000
354249
149662
744336
13615
349357
17196
9734
7223
179162
552563
24309
1932
344272
314253
230
357469
560
404609
390
11818
15691
234901
82385
5800
153425
2447
286106
170350
10951
376
32854
70731
256042
436985
835474
173
625990
109073
204384
173907
3240
388369
63660
7235
29524
447394
32167
510479
224386
112693
2322
371426
16060
2651
424792
550637
3478
8741
346457
2910
66001
7839
54155
54259
41089
349344
414971
62650
1504
3254
511527
14929
640212
8601
356326
165658
8247
48034
186877
449282
379
18091
18203
60542
306270
471367
173242
5267
380
414534
441
86781
12328
340769
4989
3008
47510
191838
8954
12476
145258
294035
16589
335236
22869
2655
97727
101224
410288
239903
539487
720610
178178
573584
563462
443442
15394
175844
22102
1511
230400
174024
2369
2984
130488
199492
22922
438961
18917
251475
207152
294412
31244
23718
33022
7800
440738
1250
5181
128135
2241
38168
138556
786030
126849
54534
194055
113376
348155
719899
588696
261802
99075
294778
157086
52926
12056
34
225814
12908
174945
841722
213374
370504
748917
619089
17354
62687
471300
343868
500571
207153
299484
321965
46115
163904
387825
9539
1273
2746
22858
180185
768497
816725
8204
237486
10767
563199
1593
188906
535797
262740
562000
13340
434
13728
87458
430950
385757
582638
8462
505908
518889
28648
25899
8300
178227
135633
404329
889808
652976
123861
175322
409532
276128
17492
55490
379611
1723
2530
273981
467612
356951
598030
18641
1125
113375
2416
85162
667990
393661
396081
9976
129187
600885
28150
23473
18285
197072
1389
364491
784586
875561
244291
4176
8144
150952
12322
108227
97905
8900
8809
456845
327805
15385
38171
49455
523849
133356
8971
1509
497009
635487
17476
250551
124258
9029
401500
320214
1830
2251
230389
709707
1340
96537
197165
237495
788902
156001
253320
109930
8693
371450
761077
60886
42901
195220
366700
189757
143084
1438
1443
183095
523075
8811
505473
171132
682445
532518
173702
366848
1503
304790
455434
167055
63069
101514
349355
332964
588749
127412
653373
15634
235
121116
79180
265018
10575
63271
125414
647141
179853
76310
533777
328029
48030
46018
13960
165384
104651
2922
25898
806131
349350
8734
8160
249605
575526
47470
8242
462215
471623
325636
665086
289794
236223
620355
145874
186
8314
361709
111480
584100
175905
161926
278747
4178
706880
438644
445831
150978
191674
333949
357290
1612
247888
146638
889364
799048
1502
266933
1288
438630
160193
129859
414247
650690
679115
402883
33115
410583
586760
12283
10018
153595
50703
583673
1824
907752
153750
21761
441046
733157
1617
303535
149842
51233
167001
28500
178847
239350
314138
395826
906031
177923
44337
15386
99820
492234
333025
186227
12136
629634
336358
293251
63277
50041
689319
18495
480032
340159
54619
3301
1925
542922
828921
9424
63663
398
1481
6727
1436
24149
903693
44995
19092
11561
265411
98192
91577
17472
201588
3269
201191
713636
915372
884765
858221
795759
852414
954867
950901
403932
245178
236272
435459
431487
16284
213170
7236
18376
328654
840009
359877
875736
968598
320982
105106
226312
115466
153410
82244
784186
225054
148927
806140
882747
588871
305338
307608
713632
588788
8761
2440
2923
6489
3263
11767
4177
2259
852
1121
17191
9237
364072
295177
462099
345122
349352
793090
385831
751130
282574
114987
166707
348703
139902
81431
98977
109549
143132
310792
426417
428890
337591
732509
749801
920272
347355
271693
411302
182313
511528
617368
345108
367763
650687
862338
494010
485313
503867
713532
190457
258069
68971
522036
29412
644854
521932
137609
131092
8472
359534
483782
347432
365620
359535
443608
17296
344714
641934
317204
662691
368048
280527
643745
356767
185102
645915
455075
866456
423241
248895
266510
131351
220223
111424
98754
155531
521661
720372
659639
290822
245208
246785
253321
344890
257375
50721
929916
238587
324808
198292
201903
217904
255326
271920
258059
226649
480196
570829
902526
278608
450962
471637
534187
107188
103742
48020
63657
262347
227212
7
502700
495802
776144
6486
104911
587398
5839
126876
132893
197518
249744
232141
217990
258499
484681
443816
401539
589127
501604
382295
586114
518842
443390
483355
519374
249167
236418
194142
3126
321971
473946
416750
260548
68478
148979
29911
21210
581322
4979
982533
982536
983850
979768
974560
977825
975762
965455
962719
980255
476755
261630
460
54241
98005
84148
51137
1144
519290
1607
693496
950409
947388
941854
948940
950490
941835
944008
951616
950780
960517
946815
960388
929762
931423
934969
935321
932343
928953
929149
937525
932592
931436
932041
927942
932478
938593
913860
914833
913455
915768
920492
926017
911812
920262
917218
920407
910540
911959
920291
920306
922041
927354
918240
922144
920060
905041
898870
897008
900949
896963
906978
898135
900836
907867
893485
900099
903547
900835
865044
725692
741720
737695
729113
743632
730562
754730
734945
729257
753297
753105
753796
345453
730826
752972
733155
753385
4321
432264
180092
175392
186999
173348
13735
45451
258717
17523
152732
360378
180197
26011
226313
426271
130256
123764
51078
36118
567207
183705
183706
526576
33407
197018
2732
2735
5635
5547
1541
295872
8237
108735
30163
4316
3027
1440
160826
333331
520898
829710
589152
701688
519289
650038
829643
588762
687114
852996
920269
826007
788586
845246
762088
840401
829696
802395
817198
781035
845259
760683
825800
869367
278776
278642
282724
275995
271710
268984
297185
308876
290231
285860
300416
306267
300353
270310
286244
306058
273392
296388
279200
329177
203365
115474
454951
379067
512697
425951
549505
460377
383427
505706
476720
386483
373995
346638
665432
368929
347443
467925
444206
443396
370313
356305
529377
335995
419160
193942
829678
306258
696183
484077
411314
406064
425084
495816
505146
799176
565710
409003
257185
385866
290619
328677
439030
782675
413061
302304
515522
483628
359903
294661
620818
464179
509415
350546
831610
943328
918516
829512
879964
962149
835499
850
5179
31040
1132
1077
7020
1246
7442
7446
140137
123914
115539
143222
127704
114063
127708
115473
119843
132922
137206
124188
120162
145093
137455
629069
668950
423773
516728
552488
401005
611933
263129
402604
362088
237393
267225
315318
